{
 "cells": [
  {
   "cell_type": "code",
   "execution_count": 1,
   "metadata": {},
   "outputs": [],
   "source": [
    "import pandas as pd\n",
    "import numpy as np\n",
    "\n",
    "import matplotlib.pyplot as plt\n",
    "import seaborn as sns"
   ]
  },
  {
   "cell_type": "code",
   "execution_count": 2,
   "metadata": {},
   "outputs": [],
   "source": [
    "df = pd.read_csv('telecom_cleaned.csv')"
   ]
  },
  {
   "cell_type": "code",
   "execution_count": 3,
   "metadata": {},
   "outputs": [
    {
     "data": {
      "text/html": [
       "<div>\n",
       "<style scoped>\n",
       "    .dataframe tbody tr th:only-of-type {\n",
       "        vertical-align: middle;\n",
       "    }\n",
       "\n",
       "    .dataframe tbody tr th {\n",
       "        vertical-align: top;\n",
       "    }\n",
       "\n",
       "    .dataframe thead th {\n",
       "        text-align: right;\n",
       "    }\n",
       "</style>\n",
       "<table border=\"1\" class=\"dataframe\">\n",
       "  <thead>\n",
       "    <tr style=\"text-align: right;\">\n",
       "      <th></th>\n",
       "      <th>gender</th>\n",
       "      <th>SeniorCitizen</th>\n",
       "      <th>Partner</th>\n",
       "      <th>Dependents</th>\n",
       "      <th>tenure</th>\n",
       "      <th>PhoneService</th>\n",
       "      <th>MultipleLines</th>\n",
       "      <th>InternetService</th>\n",
       "      <th>OnlineSecurity</th>\n",
       "      <th>OnlineBackup</th>\n",
       "      <th>DeviceProtection</th>\n",
       "      <th>TechSupport</th>\n",
       "      <th>StreamingTV</th>\n",
       "      <th>StreamingMovies</th>\n",
       "      <th>Contract</th>\n",
       "      <th>PaperlessBilling</th>\n",
       "      <th>PaymentMethod</th>\n",
       "      <th>MonthlyCharges</th>\n",
       "      <th>TotalCharges</th>\n",
       "      <th>Churn</th>\n",
       "    </tr>\n",
       "  </thead>\n",
       "  <tbody>\n",
       "    <tr>\n",
       "      <th>0</th>\n",
       "      <td>0</td>\n",
       "      <td>0</td>\n",
       "      <td>1</td>\n",
       "      <td>0</td>\n",
       "      <td>1</td>\n",
       "      <td>0</td>\n",
       "      <td>0</td>\n",
       "      <td>1</td>\n",
       "      <td>0</td>\n",
       "      <td>1</td>\n",
       "      <td>0</td>\n",
       "      <td>0</td>\n",
       "      <td>0</td>\n",
       "      <td>0</td>\n",
       "      <td>0</td>\n",
       "      <td>1</td>\n",
       "      <td>2</td>\n",
       "      <td>29.85</td>\n",
       "      <td>29.85</td>\n",
       "      <td>0</td>\n",
       "    </tr>\n",
       "    <tr>\n",
       "      <th>1</th>\n",
       "      <td>1</td>\n",
       "      <td>0</td>\n",
       "      <td>0</td>\n",
       "      <td>0</td>\n",
       "      <td>34</td>\n",
       "      <td>1</td>\n",
       "      <td>0</td>\n",
       "      <td>1</td>\n",
       "      <td>1</td>\n",
       "      <td>0</td>\n",
       "      <td>1</td>\n",
       "      <td>0</td>\n",
       "      <td>0</td>\n",
       "      <td>0</td>\n",
       "      <td>1</td>\n",
       "      <td>0</td>\n",
       "      <td>3</td>\n",
       "      <td>56.95</td>\n",
       "      <td>1889.50</td>\n",
       "      <td>0</td>\n",
       "    </tr>\n",
       "    <tr>\n",
       "      <th>2</th>\n",
       "      <td>1</td>\n",
       "      <td>0</td>\n",
       "      <td>0</td>\n",
       "      <td>0</td>\n",
       "      <td>2</td>\n",
       "      <td>1</td>\n",
       "      <td>0</td>\n",
       "      <td>1</td>\n",
       "      <td>1</td>\n",
       "      <td>1</td>\n",
       "      <td>0</td>\n",
       "      <td>0</td>\n",
       "      <td>0</td>\n",
       "      <td>0</td>\n",
       "      <td>0</td>\n",
       "      <td>1</td>\n",
       "      <td>3</td>\n",
       "      <td>53.85</td>\n",
       "      <td>108.15</td>\n",
       "      <td>1</td>\n",
       "    </tr>\n",
       "    <tr>\n",
       "      <th>3</th>\n",
       "      <td>1</td>\n",
       "      <td>0</td>\n",
       "      <td>0</td>\n",
       "      <td>0</td>\n",
       "      <td>45</td>\n",
       "      <td>0</td>\n",
       "      <td>0</td>\n",
       "      <td>1</td>\n",
       "      <td>1</td>\n",
       "      <td>0</td>\n",
       "      <td>1</td>\n",
       "      <td>1</td>\n",
       "      <td>0</td>\n",
       "      <td>0</td>\n",
       "      <td>1</td>\n",
       "      <td>0</td>\n",
       "      <td>0</td>\n",
       "      <td>42.30</td>\n",
       "      <td>1840.75</td>\n",
       "      <td>0</td>\n",
       "    </tr>\n",
       "    <tr>\n",
       "      <th>4</th>\n",
       "      <td>0</td>\n",
       "      <td>0</td>\n",
       "      <td>0</td>\n",
       "      <td>0</td>\n",
       "      <td>2</td>\n",
       "      <td>1</td>\n",
       "      <td>0</td>\n",
       "      <td>2</td>\n",
       "      <td>0</td>\n",
       "      <td>0</td>\n",
       "      <td>0</td>\n",
       "      <td>0</td>\n",
       "      <td>0</td>\n",
       "      <td>0</td>\n",
       "      <td>0</td>\n",
       "      <td>1</td>\n",
       "      <td>2</td>\n",
       "      <td>70.70</td>\n",
       "      <td>151.65</td>\n",
       "      <td>1</td>\n",
       "    </tr>\n",
       "  </tbody>\n",
       "</table>\n",
       "</div>"
      ],
      "text/plain": [
       "   gender  SeniorCitizen  Partner  Dependents  tenure  PhoneService  \\\n",
       "0       0              0        1           0       1             0   \n",
       "1       1              0        0           0      34             1   \n",
       "2       1              0        0           0       2             1   \n",
       "3       1              0        0           0      45             0   \n",
       "4       0              0        0           0       2             1   \n",
       "\n",
       "   MultipleLines  InternetService  OnlineSecurity  OnlineBackup  \\\n",
       "0              0                1               0             1   \n",
       "1              0                1               1             0   \n",
       "2              0                1               1             1   \n",
       "3              0                1               1             0   \n",
       "4              0                2               0             0   \n",
       "\n",
       "   DeviceProtection  TechSupport  StreamingTV  StreamingMovies  Contract  \\\n",
       "0                 0            0            0                0         0   \n",
       "1                 1            0            0                0         1   \n",
       "2                 0            0            0                0         0   \n",
       "3                 1            1            0                0         1   \n",
       "4                 0            0            0                0         0   \n",
       "\n",
       "   PaperlessBilling  PaymentMethod  MonthlyCharges  TotalCharges  Churn  \n",
       "0                 1              2           29.85         29.85      0  \n",
       "1                 0              3           56.95       1889.50      0  \n",
       "2                 1              3           53.85        108.15      1  \n",
       "3                 0              0           42.30       1840.75      0  \n",
       "4                 1              2           70.70        151.65      1  "
      ]
     },
     "execution_count": 3,
     "metadata": {},
     "output_type": "execute_result"
    }
   ],
   "source": [
    "df.head()"
   ]
  },
  {
   "cell_type": "markdown",
   "metadata": {},
   "source": [
    "## Visualization"
   ]
  },
  {
   "cell_type": "code",
   "execution_count": 4,
   "metadata": {},
   "outputs": [
    {
     "data": {
      "text/html": [
       "<div>\n",
       "<style scoped>\n",
       "    .dataframe tbody tr th:only-of-type {\n",
       "        vertical-align: middle;\n",
       "    }\n",
       "\n",
       "    .dataframe tbody tr th {\n",
       "        vertical-align: top;\n",
       "    }\n",
       "\n",
       "    .dataframe thead th {\n",
       "        text-align: right;\n",
       "    }\n",
       "</style>\n",
       "<table border=\"1\" class=\"dataframe\">\n",
       "  <thead>\n",
       "    <tr style=\"text-align: right;\">\n",
       "      <th></th>\n",
       "      <th>gender</th>\n",
       "      <th>SeniorCitizen</th>\n",
       "      <th>Partner</th>\n",
       "      <th>Dependents</th>\n",
       "      <th>tenure</th>\n",
       "      <th>PhoneService</th>\n",
       "      <th>MultipleLines</th>\n",
       "      <th>InternetService</th>\n",
       "      <th>OnlineSecurity</th>\n",
       "      <th>OnlineBackup</th>\n",
       "      <th>DeviceProtection</th>\n",
       "      <th>TechSupport</th>\n",
       "      <th>StreamingTV</th>\n",
       "      <th>StreamingMovies</th>\n",
       "      <th>Contract</th>\n",
       "      <th>PaperlessBilling</th>\n",
       "      <th>PaymentMethod</th>\n",
       "      <th>MonthlyCharges</th>\n",
       "      <th>TotalCharges</th>\n",
       "      <th>Churn</th>\n",
       "    </tr>\n",
       "  </thead>\n",
       "  <tbody>\n",
       "    <tr>\n",
       "      <th>gender</th>\n",
       "      <td>1.000000</td>\n",
       "      <td>-0.001819</td>\n",
       "      <td>-0.001379</td>\n",
       "      <td>0.010349</td>\n",
       "      <td>0.005285</td>\n",
       "      <td>-0.007515</td>\n",
       "      <td>-0.008883</td>\n",
       "      <td>-0.009643</td>\n",
       "      <td>-0.016328</td>\n",
       "      <td>-0.013093</td>\n",
       "      <td>-0.000807</td>\n",
       "      <td>-0.008507</td>\n",
       "      <td>-0.007124</td>\n",
       "      <td>-0.010105</td>\n",
       "      <td>0.000095</td>\n",
       "      <td>-0.011902</td>\n",
       "      <td>0.016942</td>\n",
       "      <td>-0.013779</td>\n",
       "      <td>0.000048</td>\n",
       "      <td>-0.008545</td>\n",
       "    </tr>\n",
       "    <tr>\n",
       "      <th>SeniorCitizen</th>\n",
       "      <td>-0.001819</td>\n",
       "      <td>1.000000</td>\n",
       "      <td>0.016957</td>\n",
       "      <td>-0.210550</td>\n",
       "      <td>0.015683</td>\n",
       "      <td>0.008392</td>\n",
       "      <td>0.142996</td>\n",
       "      <td>0.259030</td>\n",
       "      <td>-0.038576</td>\n",
       "      <td>0.066663</td>\n",
       "      <td>0.059514</td>\n",
       "      <td>-0.060577</td>\n",
       "      <td>0.105445</td>\n",
       "      <td>0.119842</td>\n",
       "      <td>-0.141820</td>\n",
       "      <td>0.156258</td>\n",
       "      <td>-0.038158</td>\n",
       "      <td>0.219874</td>\n",
       "      <td>0.102411</td>\n",
       "      <td>0.150541</td>\n",
       "    </tr>\n",
       "    <tr>\n",
       "      <th>Partner</th>\n",
       "      <td>-0.001379</td>\n",
       "      <td>0.016957</td>\n",
       "      <td>1.000000</td>\n",
       "      <td>0.452269</td>\n",
       "      <td>0.381912</td>\n",
       "      <td>0.018397</td>\n",
       "      <td>0.142561</td>\n",
       "      <td>0.000938</td>\n",
       "      <td>0.143346</td>\n",
       "      <td>0.141849</td>\n",
       "      <td>0.153556</td>\n",
       "      <td>0.120206</td>\n",
       "      <td>0.124483</td>\n",
       "      <td>0.118108</td>\n",
       "      <td>0.294094</td>\n",
       "      <td>-0.013957</td>\n",
       "      <td>-0.156232</td>\n",
       "      <td>0.097825</td>\n",
       "      <td>0.319072</td>\n",
       "      <td>-0.149982</td>\n",
       "    </tr>\n",
       "    <tr>\n",
       "      <th>Dependents</th>\n",
       "      <td>0.010349</td>\n",
       "      <td>-0.210550</td>\n",
       "      <td>0.452269</td>\n",
       "      <td>1.000000</td>\n",
       "      <td>0.163386</td>\n",
       "      <td>-0.001078</td>\n",
       "      <td>-0.024307</td>\n",
       "      <td>-0.177789</td>\n",
       "      <td>0.080786</td>\n",
       "      <td>0.023639</td>\n",
       "      <td>0.013900</td>\n",
       "      <td>0.063053</td>\n",
       "      <td>-0.016499</td>\n",
       "      <td>-0.038375</td>\n",
       "      <td>0.240556</td>\n",
       "      <td>-0.110131</td>\n",
       "      <td>-0.041989</td>\n",
       "      <td>-0.112343</td>\n",
       "      <td>0.064653</td>\n",
       "      <td>-0.163128</td>\n",
       "    </tr>\n",
       "    <tr>\n",
       "      <th>tenure</th>\n",
       "      <td>0.005285</td>\n",
       "      <td>0.015683</td>\n",
       "      <td>0.381912</td>\n",
       "      <td>0.163386</td>\n",
       "      <td>1.000000</td>\n",
       "      <td>0.007877</td>\n",
       "      <td>0.332399</td>\n",
       "      <td>0.031272</td>\n",
       "      <td>0.328297</td>\n",
       "      <td>0.361138</td>\n",
       "      <td>0.361520</td>\n",
       "      <td>0.325288</td>\n",
       "      <td>0.280264</td>\n",
       "      <td>0.285402</td>\n",
       "      <td>0.676734</td>\n",
       "      <td>0.004823</td>\n",
       "      <td>-0.370087</td>\n",
       "      <td>0.246862</td>\n",
       "      <td>0.825880</td>\n",
       "      <td>-0.354049</td>\n",
       "    </tr>\n",
       "    <tr>\n",
       "      <th>PhoneService</th>\n",
       "      <td>-0.007515</td>\n",
       "      <td>0.008392</td>\n",
       "      <td>0.018397</td>\n",
       "      <td>-0.001078</td>\n",
       "      <td>0.007877</td>\n",
       "      <td>1.000000</td>\n",
       "      <td>0.279530</td>\n",
       "      <td>0.094182</td>\n",
       "      <td>-0.091676</td>\n",
       "      <td>-0.052133</td>\n",
       "      <td>-0.070076</td>\n",
       "      <td>-0.095138</td>\n",
       "      <td>-0.021383</td>\n",
       "      <td>-0.033477</td>\n",
       "      <td>0.003019</td>\n",
       "      <td>0.016696</td>\n",
       "      <td>-0.005499</td>\n",
       "      <td>0.248033</td>\n",
       "      <td>0.113008</td>\n",
       "      <td>0.011691</td>\n",
       "    </tr>\n",
       "    <tr>\n",
       "      <th>MultipleLines</th>\n",
       "      <td>-0.008883</td>\n",
       "      <td>0.142996</td>\n",
       "      <td>0.142561</td>\n",
       "      <td>-0.024307</td>\n",
       "      <td>0.332399</td>\n",
       "      <td>0.279530</td>\n",
       "      <td>1.000000</td>\n",
       "      <td>0.345068</td>\n",
       "      <td>0.098592</td>\n",
       "      <td>0.202228</td>\n",
       "      <td>0.201733</td>\n",
       "      <td>0.100421</td>\n",
       "      <td>0.257804</td>\n",
       "      <td>0.259194</td>\n",
       "      <td>0.107529</td>\n",
       "      <td>0.163746</td>\n",
       "      <td>-0.171240</td>\n",
       "      <td>0.490912</td>\n",
       "      <td>0.469042</td>\n",
       "      <td>0.040033</td>\n",
       "    </tr>\n",
       "    <tr>\n",
       "      <th>InternetService</th>\n",
       "      <td>-0.009643</td>\n",
       "      <td>0.259030</td>\n",
       "      <td>0.000938</td>\n",
       "      <td>-0.177789</td>\n",
       "      <td>0.031272</td>\n",
       "      <td>0.094182</td>\n",
       "      <td>0.345068</td>\n",
       "      <td>1.000000</td>\n",
       "      <td>0.156493</td>\n",
       "      <td>0.307223</td>\n",
       "      <td>0.313420</td>\n",
       "      <td>0.164532</td>\n",
       "      <td>0.429616</td>\n",
       "      <td>0.426820</td>\n",
       "      <td>-0.288855</td>\n",
       "      <td>0.377644</td>\n",
       "      <td>-0.119507</td>\n",
       "      <td>0.905389</td>\n",
       "      <td>0.428212</td>\n",
       "      <td>0.316350</td>\n",
       "    </tr>\n",
       "    <tr>\n",
       "      <th>OnlineSecurity</th>\n",
       "      <td>-0.016328</td>\n",
       "      <td>-0.038576</td>\n",
       "      <td>0.143346</td>\n",
       "      <td>0.080786</td>\n",
       "      <td>0.328297</td>\n",
       "      <td>-0.091676</td>\n",
       "      <td>0.098592</td>\n",
       "      <td>0.156493</td>\n",
       "      <td>1.000000</td>\n",
       "      <td>0.283285</td>\n",
       "      <td>0.274875</td>\n",
       "      <td>0.354458</td>\n",
       "      <td>0.175514</td>\n",
       "      <td>0.187426</td>\n",
       "      <td>0.245660</td>\n",
       "      <td>-0.004051</td>\n",
       "      <td>-0.149112</td>\n",
       "      <td>0.296447</td>\n",
       "      <td>0.412619</td>\n",
       "      <td>-0.171270</td>\n",
       "    </tr>\n",
       "    <tr>\n",
       "      <th>OnlineBackup</th>\n",
       "      <td>-0.013093</td>\n",
       "      <td>0.066663</td>\n",
       "      <td>0.141849</td>\n",
       "      <td>0.023639</td>\n",
       "      <td>0.361138</td>\n",
       "      <td>-0.052133</td>\n",
       "      <td>0.202228</td>\n",
       "      <td>0.307223</td>\n",
       "      <td>0.283285</td>\n",
       "      <td>1.000000</td>\n",
       "      <td>0.303058</td>\n",
       "      <td>0.293705</td>\n",
       "      <td>0.281601</td>\n",
       "      <td>0.274523</td>\n",
       "      <td>0.155262</td>\n",
       "      <td>0.127056</td>\n",
       "      <td>-0.170720</td>\n",
       "      <td>0.441529</td>\n",
       "      <td>0.510100</td>\n",
       "      <td>-0.082307</td>\n",
       "    </tr>\n",
       "    <tr>\n",
       "      <th>DeviceProtection</th>\n",
       "      <td>-0.000807</td>\n",
       "      <td>0.059514</td>\n",
       "      <td>0.153556</td>\n",
       "      <td>0.013900</td>\n",
       "      <td>0.361520</td>\n",
       "      <td>-0.070076</td>\n",
       "      <td>0.201733</td>\n",
       "      <td>0.313420</td>\n",
       "      <td>0.274875</td>\n",
       "      <td>0.303058</td>\n",
       "      <td>1.000000</td>\n",
       "      <td>0.332850</td>\n",
       "      <td>0.389924</td>\n",
       "      <td>0.402309</td>\n",
       "      <td>0.219648</td>\n",
       "      <td>0.104079</td>\n",
       "      <td>-0.180931</td>\n",
       "      <td>0.482607</td>\n",
       "      <td>0.522881</td>\n",
       "      <td>-0.066193</td>\n",
       "    </tr>\n",
       "    <tr>\n",
       "      <th>TechSupport</th>\n",
       "      <td>-0.008507</td>\n",
       "      <td>-0.060577</td>\n",
       "      <td>0.120206</td>\n",
       "      <td>0.063053</td>\n",
       "      <td>0.325288</td>\n",
       "      <td>-0.095138</td>\n",
       "      <td>0.100421</td>\n",
       "      <td>0.164532</td>\n",
       "      <td>0.354458</td>\n",
       "      <td>0.293705</td>\n",
       "      <td>0.332850</td>\n",
       "      <td>1.000000</td>\n",
       "      <td>0.277549</td>\n",
       "      <td>0.280155</td>\n",
       "      <td>0.293967</td>\n",
       "      <td>0.037536</td>\n",
       "      <td>-0.156296</td>\n",
       "      <td>0.338301</td>\n",
       "      <td>0.432868</td>\n",
       "      <td>-0.164716</td>\n",
       "    </tr>\n",
       "    <tr>\n",
       "      <th>StreamingTV</th>\n",
       "      <td>-0.007124</td>\n",
       "      <td>0.105445</td>\n",
       "      <td>0.124483</td>\n",
       "      <td>-0.016499</td>\n",
       "      <td>0.280264</td>\n",
       "      <td>-0.021383</td>\n",
       "      <td>0.257804</td>\n",
       "      <td>0.429616</td>\n",
       "      <td>0.175514</td>\n",
       "      <td>0.281601</td>\n",
       "      <td>0.389924</td>\n",
       "      <td>0.277549</td>\n",
       "      <td>1.000000</td>\n",
       "      <td>0.533380</td>\n",
       "      <td>0.104178</td>\n",
       "      <td>0.224241</td>\n",
       "      <td>-0.148563</td>\n",
       "      <td>0.629668</td>\n",
       "      <td>0.515709</td>\n",
       "      <td>0.063254</td>\n",
       "    </tr>\n",
       "    <tr>\n",
       "      <th>StreamingMovies</th>\n",
       "      <td>-0.010105</td>\n",
       "      <td>0.119842</td>\n",
       "      <td>0.118108</td>\n",
       "      <td>-0.038375</td>\n",
       "      <td>0.285402</td>\n",
       "      <td>-0.033477</td>\n",
       "      <td>0.259194</td>\n",
       "      <td>0.426820</td>\n",
       "      <td>0.187426</td>\n",
       "      <td>0.274523</td>\n",
       "      <td>0.402309</td>\n",
       "      <td>0.280155</td>\n",
       "      <td>0.533380</td>\n",
       "      <td>1.000000</td>\n",
       "      <td>0.109136</td>\n",
       "      <td>0.211583</td>\n",
       "      <td>-0.154854</td>\n",
       "      <td>0.627235</td>\n",
       "      <td>0.519867</td>\n",
       "      <td>0.060860</td>\n",
       "    </tr>\n",
       "    <tr>\n",
       "      <th>Contract</th>\n",
       "      <td>0.000095</td>\n",
       "      <td>-0.141820</td>\n",
       "      <td>0.294094</td>\n",
       "      <td>0.240556</td>\n",
       "      <td>0.676734</td>\n",
       "      <td>0.003019</td>\n",
       "      <td>0.107529</td>\n",
       "      <td>-0.288855</td>\n",
       "      <td>0.245660</td>\n",
       "      <td>0.155262</td>\n",
       "      <td>0.219648</td>\n",
       "      <td>0.293967</td>\n",
       "      <td>0.104178</td>\n",
       "      <td>0.109136</td>\n",
       "      <td>1.000000</td>\n",
       "      <td>-0.175475</td>\n",
       "      <td>-0.229636</td>\n",
       "      <td>-0.072739</td>\n",
       "      <td>0.450306</td>\n",
       "      <td>-0.396150</td>\n",
       "    </tr>\n",
       "    <tr>\n",
       "      <th>PaperlessBilling</th>\n",
       "      <td>-0.011902</td>\n",
       "      <td>0.156258</td>\n",
       "      <td>-0.013957</td>\n",
       "      <td>-0.110131</td>\n",
       "      <td>0.004823</td>\n",
       "      <td>0.016696</td>\n",
       "      <td>0.163746</td>\n",
       "      <td>0.377644</td>\n",
       "      <td>-0.004051</td>\n",
       "      <td>0.127056</td>\n",
       "      <td>0.104079</td>\n",
       "      <td>0.037536</td>\n",
       "      <td>0.224241</td>\n",
       "      <td>0.211583</td>\n",
       "      <td>-0.175475</td>\n",
       "      <td>1.000000</td>\n",
       "      <td>-0.061348</td>\n",
       "      <td>0.351930</td>\n",
       "      <td>0.157830</td>\n",
       "      <td>0.191454</td>\n",
       "    </tr>\n",
       "    <tr>\n",
       "      <th>PaymentMethod</th>\n",
       "      <td>0.016942</td>\n",
       "      <td>-0.038158</td>\n",
       "      <td>-0.156232</td>\n",
       "      <td>-0.041989</td>\n",
       "      <td>-0.370087</td>\n",
       "      <td>-0.005499</td>\n",
       "      <td>-0.171240</td>\n",
       "      <td>-0.119507</td>\n",
       "      <td>-0.149112</td>\n",
       "      <td>-0.170720</td>\n",
       "      <td>-0.180931</td>\n",
       "      <td>-0.156296</td>\n",
       "      <td>-0.148563</td>\n",
       "      <td>-0.154854</td>\n",
       "      <td>-0.229636</td>\n",
       "      <td>-0.061348</td>\n",
       "      <td>1.000000</td>\n",
       "      <td>-0.192500</td>\n",
       "      <td>-0.330594</td>\n",
       "      <td>0.107852</td>\n",
       "    </tr>\n",
       "    <tr>\n",
       "      <th>MonthlyCharges</th>\n",
       "      <td>-0.013779</td>\n",
       "      <td>0.219874</td>\n",
       "      <td>0.097825</td>\n",
       "      <td>-0.112343</td>\n",
       "      <td>0.246862</td>\n",
       "      <td>0.248033</td>\n",
       "      <td>0.490912</td>\n",
       "      <td>0.905389</td>\n",
       "      <td>0.296447</td>\n",
       "      <td>0.441529</td>\n",
       "      <td>0.482607</td>\n",
       "      <td>0.338301</td>\n",
       "      <td>0.629668</td>\n",
       "      <td>0.627235</td>\n",
       "      <td>-0.072739</td>\n",
       "      <td>0.351930</td>\n",
       "      <td>-0.192500</td>\n",
       "      <td>1.000000</td>\n",
       "      <td>0.651065</td>\n",
       "      <td>0.192858</td>\n",
       "    </tr>\n",
       "    <tr>\n",
       "      <th>TotalCharges</th>\n",
       "      <td>0.000048</td>\n",
       "      <td>0.102411</td>\n",
       "      <td>0.319072</td>\n",
       "      <td>0.064653</td>\n",
       "      <td>0.825880</td>\n",
       "      <td>0.113008</td>\n",
       "      <td>0.469042</td>\n",
       "      <td>0.428212</td>\n",
       "      <td>0.412619</td>\n",
       "      <td>0.510100</td>\n",
       "      <td>0.522881</td>\n",
       "      <td>0.432868</td>\n",
       "      <td>0.515709</td>\n",
       "      <td>0.519867</td>\n",
       "      <td>0.450306</td>\n",
       "      <td>0.157830</td>\n",
       "      <td>-0.330594</td>\n",
       "      <td>0.651065</td>\n",
       "      <td>1.000000</td>\n",
       "      <td>-0.199484</td>\n",
       "    </tr>\n",
       "    <tr>\n",
       "      <th>Churn</th>\n",
       "      <td>-0.008545</td>\n",
       "      <td>0.150541</td>\n",
       "      <td>-0.149982</td>\n",
       "      <td>-0.163128</td>\n",
       "      <td>-0.354049</td>\n",
       "      <td>0.011691</td>\n",
       "      <td>0.040033</td>\n",
       "      <td>0.316350</td>\n",
       "      <td>-0.171270</td>\n",
       "      <td>-0.082307</td>\n",
       "      <td>-0.066193</td>\n",
       "      <td>-0.164716</td>\n",
       "      <td>0.063254</td>\n",
       "      <td>0.060860</td>\n",
       "      <td>-0.396150</td>\n",
       "      <td>0.191454</td>\n",
       "      <td>0.107852</td>\n",
       "      <td>0.192858</td>\n",
       "      <td>-0.199484</td>\n",
       "      <td>1.000000</td>\n",
       "    </tr>\n",
       "  </tbody>\n",
       "</table>\n",
       "</div>"
      ],
      "text/plain": [
       "                    gender  SeniorCitizen   Partner  Dependents    tenure  \\\n",
       "gender            1.000000      -0.001819 -0.001379    0.010349  0.005285   \n",
       "SeniorCitizen    -0.001819       1.000000  0.016957   -0.210550  0.015683   \n",
       "Partner          -0.001379       0.016957  1.000000    0.452269  0.381912   \n",
       "Dependents        0.010349      -0.210550  0.452269    1.000000  0.163386   \n",
       "tenure            0.005285       0.015683  0.381912    0.163386  1.000000   \n",
       "PhoneService     -0.007515       0.008392  0.018397   -0.001078  0.007877   \n",
       "MultipleLines    -0.008883       0.142996  0.142561   -0.024307  0.332399   \n",
       "InternetService  -0.009643       0.259030  0.000938   -0.177789  0.031272   \n",
       "OnlineSecurity   -0.016328      -0.038576  0.143346    0.080786  0.328297   \n",
       "OnlineBackup     -0.013093       0.066663  0.141849    0.023639  0.361138   \n",
       "DeviceProtection -0.000807       0.059514  0.153556    0.013900  0.361520   \n",
       "TechSupport      -0.008507      -0.060577  0.120206    0.063053  0.325288   \n",
       "StreamingTV      -0.007124       0.105445  0.124483   -0.016499  0.280264   \n",
       "StreamingMovies  -0.010105       0.119842  0.118108   -0.038375  0.285402   \n",
       "Contract          0.000095      -0.141820  0.294094    0.240556  0.676734   \n",
       "PaperlessBilling -0.011902       0.156258 -0.013957   -0.110131  0.004823   \n",
       "PaymentMethod     0.016942      -0.038158 -0.156232   -0.041989 -0.370087   \n",
       "MonthlyCharges   -0.013779       0.219874  0.097825   -0.112343  0.246862   \n",
       "TotalCharges      0.000048       0.102411  0.319072    0.064653  0.825880   \n",
       "Churn            -0.008545       0.150541 -0.149982   -0.163128 -0.354049   \n",
       "\n",
       "                  PhoneService  MultipleLines  InternetService  \\\n",
       "gender               -0.007515      -0.008883        -0.009643   \n",
       "SeniorCitizen         0.008392       0.142996         0.259030   \n",
       "Partner               0.018397       0.142561         0.000938   \n",
       "Dependents           -0.001078      -0.024307        -0.177789   \n",
       "tenure                0.007877       0.332399         0.031272   \n",
       "PhoneService          1.000000       0.279530         0.094182   \n",
       "MultipleLines         0.279530       1.000000         0.345068   \n",
       "InternetService       0.094182       0.345068         1.000000   \n",
       "OnlineSecurity       -0.091676       0.098592         0.156493   \n",
       "OnlineBackup         -0.052133       0.202228         0.307223   \n",
       "DeviceProtection     -0.070076       0.201733         0.313420   \n",
       "TechSupport          -0.095138       0.100421         0.164532   \n",
       "StreamingTV          -0.021383       0.257804         0.429616   \n",
       "StreamingMovies      -0.033477       0.259194         0.426820   \n",
       "Contract              0.003019       0.107529        -0.288855   \n",
       "PaperlessBilling      0.016696       0.163746         0.377644   \n",
       "PaymentMethod        -0.005499      -0.171240        -0.119507   \n",
       "MonthlyCharges        0.248033       0.490912         0.905389   \n",
       "TotalCharges          0.113008       0.469042         0.428212   \n",
       "Churn                 0.011691       0.040033         0.316350   \n",
       "\n",
       "                  OnlineSecurity  OnlineBackup  DeviceProtection  TechSupport  \\\n",
       "gender                 -0.016328     -0.013093         -0.000807    -0.008507   \n",
       "SeniorCitizen          -0.038576      0.066663          0.059514    -0.060577   \n",
       "Partner                 0.143346      0.141849          0.153556     0.120206   \n",
       "Dependents              0.080786      0.023639          0.013900     0.063053   \n",
       "tenure                  0.328297      0.361138          0.361520     0.325288   \n",
       "PhoneService           -0.091676     -0.052133         -0.070076    -0.095138   \n",
       "MultipleLines           0.098592      0.202228          0.201733     0.100421   \n",
       "InternetService         0.156493      0.307223          0.313420     0.164532   \n",
       "OnlineSecurity          1.000000      0.283285          0.274875     0.354458   \n",
       "OnlineBackup            0.283285      1.000000          0.303058     0.293705   \n",
       "DeviceProtection        0.274875      0.303058          1.000000     0.332850   \n",
       "TechSupport             0.354458      0.293705          0.332850     1.000000   \n",
       "StreamingTV             0.175514      0.281601          0.389924     0.277549   \n",
       "StreamingMovies         0.187426      0.274523          0.402309     0.280155   \n",
       "Contract                0.245660      0.155262          0.219648     0.293967   \n",
       "PaperlessBilling       -0.004051      0.127056          0.104079     0.037536   \n",
       "PaymentMethod          -0.149112     -0.170720         -0.180931    -0.156296   \n",
       "MonthlyCharges          0.296447      0.441529          0.482607     0.338301   \n",
       "TotalCharges            0.412619      0.510100          0.522881     0.432868   \n",
       "Churn                  -0.171270     -0.082307         -0.066193    -0.164716   \n",
       "\n",
       "                  StreamingTV  StreamingMovies  Contract  PaperlessBilling  \\\n",
       "gender              -0.007124        -0.010105  0.000095         -0.011902   \n",
       "SeniorCitizen        0.105445         0.119842 -0.141820          0.156258   \n",
       "Partner              0.124483         0.118108  0.294094         -0.013957   \n",
       "Dependents          -0.016499        -0.038375  0.240556         -0.110131   \n",
       "tenure               0.280264         0.285402  0.676734          0.004823   \n",
       "PhoneService        -0.021383        -0.033477  0.003019          0.016696   \n",
       "MultipleLines        0.257804         0.259194  0.107529          0.163746   \n",
       "InternetService      0.429616         0.426820 -0.288855          0.377644   \n",
       "OnlineSecurity       0.175514         0.187426  0.245660         -0.004051   \n",
       "OnlineBackup         0.281601         0.274523  0.155262          0.127056   \n",
       "DeviceProtection     0.389924         0.402309  0.219648          0.104079   \n",
       "TechSupport          0.277549         0.280155  0.293967          0.037536   \n",
       "StreamingTV          1.000000         0.533380  0.104178          0.224241   \n",
       "StreamingMovies      0.533380         1.000000  0.109136          0.211583   \n",
       "Contract             0.104178         0.109136  1.000000         -0.175475   \n",
       "PaperlessBilling     0.224241         0.211583 -0.175475          1.000000   \n",
       "PaymentMethod       -0.148563        -0.154854 -0.229636         -0.061348   \n",
       "MonthlyCharges       0.629668         0.627235 -0.072739          0.351930   \n",
       "TotalCharges         0.515709         0.519867  0.450306          0.157830   \n",
       "Churn                0.063254         0.060860 -0.396150          0.191454   \n",
       "\n",
       "                  PaymentMethod  MonthlyCharges  TotalCharges     Churn  \n",
       "gender                 0.016942       -0.013779      0.000048 -0.008545  \n",
       "SeniorCitizen         -0.038158        0.219874      0.102411  0.150541  \n",
       "Partner               -0.156232        0.097825      0.319072 -0.149982  \n",
       "Dependents            -0.041989       -0.112343      0.064653 -0.163128  \n",
       "tenure                -0.370087        0.246862      0.825880 -0.354049  \n",
       "PhoneService          -0.005499        0.248033      0.113008  0.011691  \n",
       "MultipleLines         -0.171240        0.490912      0.469042  0.040033  \n",
       "InternetService       -0.119507        0.905389      0.428212  0.316350  \n",
       "OnlineSecurity        -0.149112        0.296447      0.412619 -0.171270  \n",
       "OnlineBackup          -0.170720        0.441529      0.510100 -0.082307  \n",
       "DeviceProtection      -0.180931        0.482607      0.522881 -0.066193  \n",
       "TechSupport           -0.156296        0.338301      0.432868 -0.164716  \n",
       "StreamingTV           -0.148563        0.629668      0.515709  0.063254  \n",
       "StreamingMovies       -0.154854        0.627235      0.519867  0.060860  \n",
       "Contract              -0.229636       -0.072739      0.450306 -0.396150  \n",
       "PaperlessBilling      -0.061348        0.351930      0.157830  0.191454  \n",
       "PaymentMethod          1.000000       -0.192500     -0.330594  0.107852  \n",
       "MonthlyCharges        -0.192500        1.000000      0.651065  0.192858  \n",
       "TotalCharges          -0.330594        0.651065      1.000000 -0.199484  \n",
       "Churn                  0.107852        0.192858     -0.199484  1.000000  "
      ]
     },
     "execution_count": 4,
     "metadata": {},
     "output_type": "execute_result"
    }
   ],
   "source": [
    "corr = df.corr()\n",
    "corr"
   ]
  },
  {
   "cell_type": "code",
   "execution_count": 5,
   "metadata": {},
   "outputs": [
    {
     "data": {
